1702889824.812269074 0 0 0 0 0 0 1
1702889824.844602359 0 0 0 0 0 0 1
1702889824.880050583 0 0 0 0 0 0 1
1702889824.912025690 0 0 0 0 0 0 1
1702889824.948295999 0 0 0 0 0 0 1
1702889824.980264541 0 0 0 0 0 0 1
1702889825.012367935 0 0 0 0 0 0 1
1702889825.048057793 0 0 0 0 0 0 1
1702889825.080192268 0 0 0 0 0 0 1
1702889825.116001471 0 0 0 0 0 0 1
1702889825.148153614 0 0 0 0 0 0 1
1702889825.180133477 0 0 0 0 0 0 1
1702889825.216199669 0 0 0 0 0 0 1
1702889825.247935462 0 0 0 0 0 0 1
1702889825.284046767 0 0 0 0 0 0 1
1702889825.315835704 0 0 0 0 0 0 1
1702889825.348206218 0 0 0 0 0 0 1
1702889825.384336238 0 0 0 0 0 0 1
1702889825.415801076 0 0 0 0 0 0 1
1702889825.451093299 0 0 0 0 0 0 1
1702889825.483759559 0 0 0 0 0 0 1
1702889825.515967919 0 0 0 0 0 0 1
1702889825.552330276 0 0 0 0 0 0 1
1702889825.583807056 0 0 0 0 0 0 1
1702889825.615749348 0 0 0 0 0 0 1
1702889825.651830973 0 0 0 0 0 0 1
1702889825.683865935 0 0 0 0 0 0 1
1702889825.719674580 0 0 0 0 0 0 1
1702889825.751848930 0 0 0 0 0 0 1
1702889825.783747925 0 0 0 0 0 0 1
1702889825.819750987 0 0 0 0 0 0 1
1702889825.851807458 0 0 0 0 0 0 1
1702889825.887818411 0 0 0 0 0 0 1
1702889825.919798972 0 0 0 0 0 0 1
1702889825.951762285 0 0 0 0 0 0 1
1702889825.988235189 0 0 0 0 0 0 1
1702889826.019745842 0 0 0 0 0 0 1
1702889826.056035720 0 0 0 0 0 0 1
1702889826.087695611 0 0 0 0 0 0 1
1702889826.119969272 0 0 0 0 0 0 1
1702889826.155754949 0 0 0 0 0 0 1
1702889826.188022256 0 0 0 0 0 0 1
1702889826.223733490 0 0 0 0 0 0 1
1702889826.255813222 0 0 0 0 0 0 1
1702889826.287773888 0 0 0 0 0 0 1
1702889826.323911807 0 0 0 0 0 0 1
1702889826.355725682 0 0 0 0 0 0 1
1702889826.392030085 0 0 0 0 0 0 1
1702889826.424000318 0 0 0 0 0 0 1
1702889826.455963638 0 0 0 0 0 0 1
1702889826.491635416 0 0 0 0 0 0 1
1702889826.523846157 0 0 0 0 0 0 1
1702889826.555633634 0 0 0 0 0 0 1
1702889826.592035386 0 0 0 0 0 0 1
1702889826.623814134 0 0 0 0 0 0 1
1702889826.659267123 0 0 0 0 0 0 1
1702889826.691990514 0 0 0 0 0 0 1
1702889826.723941613 0 0 0 0 0 0 1
1702889826.760026598 0 0 0 0 0 0 1
1702889826.791552827 0 0 0 0 0 0 1
1702889826.827995850 0 0 0 0 0 0 1
1702889826.859767196 0 0 0 0 0 0 1
1702889826.891562565 0 0 0 0 0 0 1
1702889826.927981426 0 0 0 0 0 0 1
1702889826.958919933 0 0 0 0 0 0 1
1702889826.995705283 0 0 0 0 0 0 1
1702889827.027540323 0 0 0 0 0 0 1
1702889827.059645133 0 0 0 0 0 0 1
1702889827.095636967 0 0 0 0 0 0 1
1702889827.127544357 0 0 0 0 0 0 1
1702889827.163916507 0 0 0 0 0 0 1
1702889827.195621308 0 0 0 0 0 0 1
1702889827.228088975 0 0 0 0 0 0 1
1702889827.263601470 0 0 0 0 0 0 1
1702889827.295628206 0 0 0 0 0 0 1
1702889827.331599439 0 0 0 0 0 0 1
1702889827.364008096 0 0 0 0 0 0 1
1702889827.395667226 0 0 0 0 0 0 1
1702889827.431585456 0 0 0 0 0 0 1
1702889827.463582652 0 0 0 0 0 0 1
1702889827.495730410 0 0 0 0 0 0 1
1702889827.531574825 0 0 0 0 0 0 1
1702889827.564031458 0 0 0 0 0 0 1
1702889827.599574820 0 0 0 0 0 0 1
1702889827.631874257 0 0 0 0 0 0 1
1702889827.664057560 0 0 0 0 0 0 1
1702889827.699447357 0 0 0 0 0 0 1
1702889827.731569066 0 0 0 0 0 0 1
1702889827.767656224 0 0 0 0 0 0 1
1702889827.799567594 0 0 0 0 0 0 1
1702889827.831928974 0 0 0 0 0 0 1
1702889827.867536862 0 0 0 0 0 0 1
1702889827.899551237 0 0 0 0 0 0 1
1702889827.935886794 0 0 0 0 0 0 1
1702889827.968013602 0 0 0 0 0 0 1
1702889827.999541025 0 0 0 0 0 0 1
1702889828.036083298 0 0 0 0 0 0 1
1702889828.067963389 0 0 0 0 0 0 1